LogLevel=1
#if ParamVersion changed, cocf.fw will be regenerated
ParamVersion=6
FWVersion=2122720
PanelCalibration=1
PanelNitsCalibration=1
CMDebug=1
inParam100nits=1
DualInterpolation=1
ForcePanelIdMatch=1
GammaCorrection=1
GammaWK=1
ReplaceOdf=1
ReplaceIndex=6, 7
TargetOdf=5
GameColorEnhance=1
ColorGamutExtension=1
Frame=12
Step=1
sLuxStart=10000
sLuxEnd=60000
Mdealy=100
RGB_XY_100_75_Step=0.031008,-0.009456,-0.006348,0.068120,-0.005520,-0.004656,0.031008,-0.009456,-0.006348,0.068120,-0.005520,-0.004656
#PanelName=PanelId, PanelName:be set at dts, PanelId: 0~99:primary panel(default without setting), 100~199: secondary panel

XN242_p_d_dsc_video_mode_panel_Vivid=0.6801 0.3189 0.2635 0.6900 0.1451 0.0551 0.3000 0.3130 0.454545455 0.6751 0.3200 0.2650 0.6850 0.1451 0.0551 0.3000 0.3130  0.4545454545  1  0  0  0  0  0  0  0.454545454  1  1  0  0  0  0  0  0  0  0  0  0  1  0  0  0  0  0  0  0  0  0  0  0  0  1  0  0  0  0  0  0  0  0  0  0  0  0  0  0  0  0  0  0  0  0  0  0  0  0  0  0  0  0  0  0  0  0
XN242_p_d_dsc_video_mode_panel_Nature=0.6420 0.3295 0.3000 0.5990 0.1500 0.0600 0.3112 0.3250 0.454545455 0.6390 0.3300 0.3000 0.6020 0.1500 0.0600 0.3112 0.3250  0.4545454545  1  0  0  0  0  0  0  0.456621004  1  1  0  0  0  0  0  0  0  0  0.03  0  1  0  0  0  0  0  0  0  0  0  0  0  0  1  0  0  0  0  0  0  0  0  0  0  0  0  0  0  0  0  0  0  0  0  0  0  0  0  0  0  0  0  0  0  0  0
XN242_p_d_dsc_video_mode_panel_Cinema=0.6831 0.3195 0.2650 0.6900 0.1495 0.0595 0.3112 0.3250 0.454545455 0.6800 0.3190 0.2650 0.6910 0.1500 0.0595 0.3112 0.3250  0.4545454545  1  0  0  0  0  0  0  0.456621004  1  1  0  0  0  0  0  0  0  0  0.03  0  1  0  0  0  0  0  0  0  0  0  0  0  0  1  0  0  0  0  0  0  0  0  0  0  0  0  0  0  0  0  0  0  0  0  0  0  0  0  0  0  0  0  0  0  0  0
XN242_p_d_dsc_video_mode_panel_LsRGB=0.6440 0.3290 0.3000 0.6020 0.1450 0.0550 0.3000 0.3130 0.454545455 0.6440 0.3290 0.2980 0.6000 0.1450 0.0550 0.3000 0.3130  0.4545454545  1  0  0  0  0  0  0  0.456621004  1  1  0  0  0  0  0  0  0  0  0  0  1  0  0  0  0  0  0  0  0  0  0  0  0  1  0  0  0  0  0  0  0  0  0  0  0  0  0  0  0  0  0  0  0  0  0  0  0  0  0  0  0  0  0  0  0  0
XN242_p_d_dsc_video_mode_panel_EsRGB=0.6752 0.3210 0.2707 0.6826 0.1426 0.0501 0.3000 0.3130 0.454545455 20 1  0.64  0.33  0.30  0.60  0.15  0.06  0.3000 0.3130  0.4545454545  0.026  0.013  0.252  0.515  -24  0.04  0.02  0.252  0.515  -24  10
XN242_p_d_dsc_video_mode_panel_EP3=0.6702 0.3250 0.2757 0.6826 0.1426 0.0501 0.3000 0.3130 0.454545455 20 1  0.64  0.33  0.30  0.60  0.15  0.06  0.3000 0.3130  0.4545454545  0.026  0.013  0.252  0.515  -24  0.04  0.02  0.252  0.515  -24  10
XN242_p_d_dsc_video_mode_panel_game_color_enhance_Vivid=0.6833  0.3182 0.2659 0.6900 0.1433 0.0531 0.3000 0.3130 0.4545454545  0.6833  0.3182 0.2659 0.6900 0.1433 0.0531 0.3000 0.3130  0.4545454545  1  0  0  0  0  0  0  0.4545454545  1  1  0  0  0  0 0 0 0 0 0 0  1  0  0  0  0  0  0  0  0  0  0  0  0  1  0  0  0  0  0  0  0  0  0  0  0  0  0  0  0  0  0  0  0  0  0  0  0  0  0  0  0  0  0  0  0  0
XN242_p_d_dsc_video_mode_panel_game_color_enhance_LsRGB=0.6660  0.3220 0.2700 0.6630 0.1433 0.0531 0.3000 0.3130 0.4545454545  0.6660  0.3220 0.2700 0.6630 0.1433 0.0531 0.3000 0.3130  0.4545454545  1  0  0  0  0  0  0  0.4545454545  1  1  0  0  0  0 0 0 0  0 0 0  1  0  0  0  0  0  0  0  0  0  0  0  0  1  0  0  0  0  0  0  0  0  0  0  0  0  0  0  0  0  0  0  0  0  0  0  0  0  0  0  0  0  0  0  0  0
XN242_p_d_dsc_video_mode_panel_game_color_enhance_Cinema=0.6833  0.3182 0.2659 0.6900 0.1433 0.0531 0.3112 0.3250 0.4545454545  0.6833  0.3182 0.2659 0.6900 0.1433 0.0531 0.3112 0.3250  0.4545454545  1  0  0  0  0  0  0  0.4545454545  1  1  0  0  0  0 0 0 0  0 0 0  1  0  0  0  0  0  0  0  0  0  0  0  0  1  0  0  0  0  0  0  0  0  0  0  0  0  0  0  0  0  0  0  0  0  0  0  0  0  0  0  0  0  0  0  0  0
XN242_p_d_dsc_video_mode_panel_game_color_enhance_Nature=0.6660  0.3220 0.2700 0.6630 0.1433 0.0531 0.3112 0.3250 0.4545454545  0.6660  0.3220 0.2700 0.6630 0.1433 0.0531 0.3112 0.3250  0.4545454545  1  0  0  0  0  0  0  0.4545454545  1  1  0  0  0  0 0 0 0  0 0 0  1  0  0  0  0  0  0  0  0  0  0  0  0  1  0  0  0  0  0  0  0  0  0  0  0  0  0  0  0  0  0  0  0  0  0  0  0  0  0  0  0  0  0  0  0  0
XN242_p_d_dsc_video_mode_panel_game_color_enhance_EP3=0.6833  0.3182 0.2659 0.6900 0.1433 0.0531 0.3000 0.3130 0.4545454545 20  1  0.6833  0.3182 0.2659 0.6900 0.1433 0.0531 0.3000 0.3130  0.4545454545  0.026  0.013  0.252  0.515  -24  0.04  0.02  0.252  0.515  -24  10
XN242_p_d_dsc_video_mode_panel_game_color_enhance_EsRGB=0.6833  0.3182 0.2659 0.6900 0.1433 0.0531 0.3000 0.3130 0.4545454545 20  1  0.6833  0.3182 0.2659 0.6900 0.1433 0.0531 0.3000 0.3130  0.4545454545  0.026  0.013  0.252  0.515  -24  0.04  0.02  0.252  0.515  -24  10

XN242_p_d_dsc_video_mode_panel_Vivid_100nits=0.6801 0.3189 0.2635 0.6900 0.1451 0.0551 0.3000 0.3130 0.454545455 0.6781 0.3200 0.2650 0.6850 0.1451 0.0551 0.3000 0.3130  0.4545454545  1  0  0  0  0  0  0  0.454545454  1  1  0  0  0  0  0  0  0  0  0  0  1  0  0  0  0  0  0  0  0  0  0  0  0  1  0  0  0  0  0  0  0  0  0  0  0  0  0  0  0  0  0  0  0  0  0  0  0  0  0  0  0  0  0  0  0  0
XN242_p_d_dsc_video_mode_panel_Nature_100nits=0.6420 0.3295 0.3000 0.5990 0.1500 0.0600 0.3112 0.3250 0.454545455 0.6390 0.3300 0.3000 0.6020 0.1500 0.0600 0.3112 0.3250  0.4545454545  1  0  0  0  0  0  0  0.456621004  1  1  0  0  0  0  0  0  0  0  0.03  0  1  0  0  0  0  0  0  0  0  0  0  0  0  1  0  0  0  0  0  0  0  0  0  0  0  0  0  0  0  0  0  0  0  0  0  0  0  0  0  0  0  0  0  0  0  0
XN242_p_d_dsc_video_mode_panel_Cinema_100nits=0.6831 0.3195 0.2650 0.6900 0.1495 0.0595 0.3112 0.3250 0.454545455 0.6800 0.3190 0.2650 0.6910 0.1500 0.0595 0.3112 0.3250  0.4545454545  1  0  0  0  0  0  0  0.456621004  1  1  0  0  0  0  0  0  0  0  0.03  0  1  0  0  0  0  0  0  0  0  0  0  0  0  1  0  0  0  0  0  0  0  0  0  0  0  0  0  0  0  0  0  0  0  0  0  0  0  0  0  0  0  0  0  0  0  0
XN242_p_d_dsc_video_mode_panel_LsRGB_100nits=0.6445 0.3280 0.3000 0.6020 0.1450 0.0550 0.3000 0.3130 0.4545454545  0.6420 0.3300 0.3000 0.6000 0.1450 0.0550 0.3000 0.3130 0.4545454545  1  0  0  0  0  0  0  0.456621004  1  1  0  0  0  0  0  0  0  0  0  0  1  0  0  0  0  0  0  0  0  0  0  0  0  1  0  0  0  0  0  0  0  0  0  0  0  0  0  0  0  0  0  0  0  0  0  0  0  0  0  0  0  0  0  0  0  0
XN242_p_d_dsc_video_mode_panel_EsRGB_100nits=0.6752 0.3210 0.2707 0.6826 0.1426 0.0501 0.3000 0.3130 0.4545454545 20  1  0.64  0.33  0.30  0.60  0.15  0.06  0.3000 0.3130 0.4545454545  0.026  0.013  0.252  0.515  -24  0.04  0.02  0.252  0.515  -24  10
XN242_p_d_dsc_video_mode_panel_EP3_100nits=0.6702   0.3250 0.2757 0.6826 0.1426 0.0501 0.3000 0.3130 0.4545454545 20  1  0.64  0.33  0.30  0.60  0.15  0.06  0.3000 0.3130 0.4545454545  0.026  0.013  0.252  0.515  -24  0.04  0.02  0.252  0.515  -24  10
XN242_p_d_dsc_video_mode_panel_game_color_enhance_Vivid_100nits=0.6833  0.3182 0.2659 0.6900 0.1433 0.0531 0.3000 0.3130 0.4545454545  0.6833  0.3182 0.2659 0.6900 0.1433 0.0531 0.3000 0.3130  0.4545454545  1  0  0  0  0  0  0  0.4545454545  1  1  0  0  0  0 0 0 0 0 0 0  1  0  0  0  0  0  0  0  0  0  0  0  0  1  0  0  0  0  0  0  0  0  0  0  0  0  0  0  0  0  0  0  0  0  0  0  0  0  0  0  0  0  0  0  0  0
XN242_p_d_dsc_video_mode_panel_game_color_enhance_LsRGB_100nits=0.6660  0.3220 0.2700 0.6630 0.1433 0.0531 0.3000 0.3130 0.4545454545  0.6660  0.3220 0.2700 0.6630 0.1433 0.0531 0.3000 0.3130  0.4545454545  1  0  0  0  0  0  0  0.4545454545  1  1  0  0  0  0 0 0 0  0 0 0  1  0  0  0  0  0  0  0  0  0  0  0  0  1  0  0  0  0  0  0  0  0  0  0  0  0  0  0  0  0  0  0  0  0  0  0  0  0  0  0  0  0  0  0  0  0
XN242_p_d_dsc_video_mode_panel_game_color_enhance_Cinema_100nits=0.6833  0.3182 0.2659 0.6900 0.1433 0.0531 0.3112 0.3250 0.4545454545  0.6833  0.3182 0.2659 0.6900 0.1433 0.0531 0.3112 0.3250  0.4545454545  1  0  0  0  0  0  0  0.4545454545  1  1  0  0  0  0 0 0 0  0 0 0  1  0  0  0  0  0  0  0  0  0  0  0  0  1  0  0  0  0  0  0  0  0  0  0  0  0  0  0  0  0  0  0  0  0  0  0  0  0  0  0  0  0  0  0  0  0
XN242_p_d_dsc_video_mode_panel_game_color_enhance_Nature_100nits=0.6660  0.3220 0.2700 0.6630 0.1433 0.0531 0.3112 0.3250 0.4545454545  0.6660  0.3220 0.2700 0.6630 0.1433 0.0531 0.3112 0.3250  0.4545454545  1  0  0  0  0  0  0  0.4545454545  1  1  0  0  0  0 0 0 0  0 0 0  1  0  0  0  0  0  0  0  0  0  0  0  0  1  0  0  0  0  0  0  0  0  0  0  0  0  0  0  0  0  0  0  0  0  0  0  0  0  0  0  0  0  0  0  0  0
XN242_p_d_dsc_video_mode_panel_game_color_enhance_EP3_100nits=0.6833  0.3182 0.2659 0.6900 0.1433 0.0531 0.3000 0.3130 0.4545454545 20  1  0.6833  0.3182 0.2659 0.6900 0.1433 0.0531 0.3000 0.3130  0.4545454545  0.026  0.013  0.252  0.515  -24  0.04  0.02  0.252  0.515  -24  10
XN242_p_d_dsc_video_mode_panel_game_color_enhance_EsRGB_100nits=0.6833  0.3182 0.2659 0.6900 0.1433 0.0531 0.3000 0.3130 0.4545454545 20  1  0.6833  0.3182 0.2659 0.6900 0.1433 0.0531 0.3000 0.3130  0.4545454545  0.026  0.013  0.252  0.515  -24  0.04  0.02  0.252  0.515  -24  10

XN242_p_d_dsc_video_mode_panel_Vivid_2nits=0.6801 0.3189 0.2635 0.6900 0.1451 0.0551 0.3000 0.3130 0.454545455 0.6781 0.3200 0.2650 0.6850 0.1451 0.0551 0.3000 0.3130  0.4545454545  1  0  0  0  0  0  0  0.454545454  1  1  0  0  0  0  0  0  0  0  0  0  1  0  0  0  0  0  0  0  0  0  0  0  0  1  0  0  0  0  0  0  0  0  0  0  0  0  0  0  0  0  0  0  0  0  0  0  0  0  0  0  0  0  0  0  0  0
XN242_p_d_dsc_video_mode_panel_Nature_2nits=0.6420 0.3295 0.3000 0.5990 0.1500 0.0600 0.3112 0.3250 0.454545455 0.6390 0.3300 0.3000 0.6020 0.1500 0.0600 0.3112 0.3250  0.4545454545  1  0  0  0  0  0  0  0.456621004  1  1  0  0  0  0  0  0  0  0  0.03  0  1  0  0  0  0  0  0  0  0  0  0  0  0  1  0  0  0  0  0  0  0  0  0  0  0  0  0  0  0  0  0  0  0  0  0  0  0  0  0  0  0  0  0  0  0  0
XN242_p_d_dsc_video_mode_panel_Cinema_2nits=0.6831 0.3195 0.2650 0.6900 0.1495 0.0595 0.3112 0.3250 0.454545455 0.6800 0.3190 0.2650 0.6910 0.1500 0.0595 0.3112 0.3250  0.4545454545  1  0  0  0  0  0  0  0.456621004  1  1  0  0  0  0  0  0  0  0  0.03  0  1  0  0  0  0  0  0  0  0  0  0  0  0  1  0  0  0  0  0  0  0  0  0  0  0  0  0  0  0  0  0  0  0  0  0  0  0  0  0  0  0  0  0  0  0  0
XN242_p_d_dsc_video_mode_panel_LsRGB_2nits=0.6440  0.3290  0.3000 0.6020 0.1450 0.0550 0.3000 0.3130 0.4545454545  0.6400 0.3300 0.3000 0.6000 0.1450 0.0550 0.3000 0.3130 0.4545454545  1  0  0  0  0  0  0  0.450450450  1  1 0.3 0.3 0 0  0  0  0  0  0  0  1  0  0  0  0  0  0  0  0  0  0  0  0  1  0  0  0  0  0  0  0  0  0  0  0  0  0  0  0  0  0  0  0  0  0  0  0  0  0  0  0  0  0  0  0  0
XN242_p_d_dsc_video_mode_panel_EsRGB_2nits=0.6752  0.3210  0.2707 0.6826 0.1426 0.0501 0.3000 0.3130 0.4545454545 20  1  0.64  0.33  0.30  0.60  0.15  0.06  0.3000 0.3130 0.4545454545  0.026  0.013  0.252  0.515  -24  0.04  0.02  0.252  0.515  -24  10
XN242_p_d_dsc_video_mode_panel_EP3_2nits=0.6702    0.3250  0.2757 0.6826 0.1426 0.0501 0.3000 0.3130 0.4545454545 20  1  0.64  0.33  0.30  0.60  0.15  0.06  0.3000 0.3130 0.4545454545  0.026  0.013  0.252  0.515  -24  0.04  0.02  0.252  0.515  -24  10
XN242_p_d_dsc_video_mode_panel_game_color_enhance_Vivid_2nits=0.6833  0.3182 0.2659 0.6900 0.1433 0.0531 0.3000 0.3130 0.4545454545  0.6833  0.3182 0.2659 0.6900 0.1433 0.0531 0.3000 0.3130  0.4545454545  1  0  0  0  0  0  0  0.4545454545  1  1  0  0  0  0 0 0 0 0 0 0  1  0  0  0  0  0  0  0  0  0  0  0  0  1  0  0  0  0  0  0  0  0  0  0  0  0  0  0  0  0  0  0  0  0  0  0  0  0  0  0  0  0  0  0  0  0
XN242_p_d_dsc_video_mode_panel_game_color_enhance_LsRGB_2nits=0.6660  0.3220 0.2700 0.6630 0.1433 0.0531 0.3000 0.3130 0.4545454545  0.6660  0.3220 0.2700 0.6630 0.1433 0.0531 0.3000 0.3130  0.4545454545  1  0  0  0  0  0  0  0.4545454545  1  1  0  0  0  0 0 0 0  0 0 0  1  0  0  0  0  0  0  0  0  0  0  0  0  1  0  0  0  0  0  0  0  0  0  0  0  0  0  0  0  0  0  0  0  0  0  0  0  0  0  0  0  0  0  0  0  0
XN242_p_d_dsc_video_mode_panel_game_color_enhance_Cinema_2nits=0.6833  0.3182 0.2659 0.6900 0.1433 0.0531 0.3112 0.3250 0.4545454545  0.6833  0.3182 0.2659 0.6900 0.1433 0.0531 0.3112 0.3250  0.4545454545  1  0  0  0  0  0  0  0.4545454545  1  1  0  0  0  0 0 0 0  0 0 0  1  0  0  0  0  0  0  0  0  0  0  0  0  1  0  0  0  0  0  0  0  0  0  0  0  0  0  0  0  0  0  0  0  0  0  0  0  0  0  0  0  0  0  0  0  0
XN242_p_d_dsc_video_mode_panel_game_color_enhance_Nature_2nits=0.6660  0.3220 0.2700 0.6630 0.1433 0.0531 0.3112 0.3250 0.4545454545  0.6660  0.3220 0.2700 0.6630 0.1433 0.0531 0.3112 0.3250  0.4545454545  1  0  0  0  0  0  0  0.4545454545  1  1  0  0  0  0 0 0 0  0 0 0  1  0  0  0  0  0  0  0  0  0  0  0  0  1  0  0  0  0  0  0  0  0  0  0  0  0  0  0  0  0  0  0  0  0  0  0  0  0  0  0  0  0  0  0  0  0
XN242_p_d_dsc_video_mode_panel_game_color_enhance_EP3_2nits=0.6833  0.3182 0.2659 0.6900 0.1433 0.0531 0.3000 0.3130 0.4545454545 20  1  0.6833  0.3182 0.2659 0.6900 0.1433 0.0531 0.3000 0.3130  0.4545454545  0.026  0.013  0.252  0.515  -24  0.04  0.02  0.252  0.515  -24  10
XN242_p_d_dsc_video_mode_panel_game_color_enhance_EsRGB_2nits=0.6833  0.3182 0.2659 0.6900 0.1433 0.0531 0.3000 0.3130 0.4545454545 20  1  0.6833  0.3182 0.2659 0.6900 0.1433 0.0531 0.3000 0.3130  0.4545454545  0.026  0.013  0.252  0.515  -24  0.04  0.02  0.252  0.515  -24  10
